0.000000000000000000e+00 2.349468678892896012e+00
1.000000000000000000e+00 2.020222182019864920e+00
2.000000000000000000e+00 1.702928255521439338e+00
3.000000000000000000e+00 1.391281902630929546e+00
4.000000000000000000e+00 1.007957920399978891e+00
5.000000000000000000e+00 7.030975114131133852e-01
6.000000000000000000e+00 4.054651081081643849e-01
7.000000000000000000e+00 8.617769624105241222e-02
8.000000000000000000e+00 -3.856624808119846204e-01
9.000000000000000000e+00 -5.621189181535413137e-01
1.000000000000000000e+01 -9.942522733438668991e-01
1.100000000000000000e+01 -1.171182981502945086e+00
1.200000000000000000e+01 -1.660731206821650874e+00
1.300000000000000000e+01 -1.897119984885881294e+00
1.400000000000000000e+01 -2.040220828526554619e+00
1.500000000000000000e+01 -2.207274913189720689e+00
